150
2
33 50
31 67
31 69
36 46
30 65
27 58
28 57
33 63
25 49
32 70
31 48
25 63
36 49
32 44
26 58
27 63
23 50
38 51
30 50
28 64
38 51
30 49
27 58
29 60
36 50
27 58
34 54
31 64
24 49
42 55
22 60
27 52
29 44
27 58
32 69
30 59
28 56
25 67
23 63
25 63
25 51
31 69
36 72
29 56
30 68
30 48
38 57
30 66
37 51
30 67
28 64
28 63
22 62
30 61
25 56
32 68
34 62
33 67
35 55
32 64
30 59
32 64
30 54
33 67
30 44
32 47
32 72
30 61
32 50
30 43
31 67
35 51
34 50
26 57
30 77
26 57
41 52
30 60
27 56
31 49
39 54
34 60
20 50
32 47
29 62
34 51
22 60
31 49
37 54
28 61
28 57
39 54
32 65
31 69
25 55
23 45
38 51
28 68
35 52
33 63
28 65
34 46
32 59
27 60
30 65
33 51
38 77
30 76
30 67
28 61
24 55
34 52
38 79
35 50
28 77
26 55
30 48
34 48
26 61
40 58
28 62
30 56
32 46
44 57
34 63
30 72
30 71
29 63
30 57
26 77
29 66
34 52
24 55
31 46
28 74
35 50
29 73
31 67
30 56
29 64
30 65
35 51
29 61
27 64
34 48
25 57
23 55
34 54
28 58
37 53